# Game Level Exporter v1.0
LIGHT
Light
<Matrix 4x4 (-0.2909, -0.0552,  0.9552, 0.0000)
            (-0.7711,  0.6045, -0.1999, 0.0000)
            (-0.5664, -0.7947, -0.2184, 0.0000)
            ( 4.0762,  5.9039,  1.0055, 1.0000)>
CAMERA
Camera
<Matrix 4x4 ( 0.6859,  0.0000,  0.7277, 0.0000)
            (-0.3240,  0.8954,  0.3054, 0.0000)
            (-0.6516, -0.4453,  0.6142, 0.0000)
            ( 7.3589,  4.9583, -6.9258, 1.0000)>
MESH
Archery_SecondAge_Level3
<Matrix 4x4 (1.0000,  0.0000,  0.0000, 0.0000)
            (0.0000,  1.0000,  0.0000, 0.0000)
            (0.0000, -0.0000,  1.0000, 0.0000)
            (4.6042,  0.0000, -1.2665, 1.0000)>
MESH
Barracks_SecondAge_Level3
<Matrix 4x4 (1.2813,  0.0000, 0.0000, 0.0000)
            (0.0000,  1.2813, 0.0000, 0.0000)
            (0.0000, -0.0000, 1.2813, 0.0000)
            (0.9496,  0.0000, 9.8921, 1.0000)>
MESH
Farm_SecondAge_Level3
<Matrix 4x4 (1.0000,  0.0000, 0.0000, 0.0000)
            (0.0000,  1.0000, 0.0000, 0.0000)
            (0.0000, -0.0000, 1.0000, 0.0000)
            (4.8123,  0.0000, 3.1614, 1.0000)>
MESH
Farm_SecondAge_Level3_Wheat
<Matrix 4x4 (1.0000,  0.0000, 0.0000, 0.0000)
            (0.0000,  1.0000, 0.0000, 0.0000)
            (0.0000, -0.0000, 1.0000, 0.0000)
            (4.8388,  0.0000, 3.1536, 1.0000)>
MESH
Houses_SecondAge_3_Level1
<Matrix 4x4 (-0.0076,  0.0000, -1.0000, 0.0000)
            ( 0.0000,  1.0000, -0.0000, 0.0000)
            ( 1.0000, -0.0000, -0.0076, 0.0000)
            ( 4.8376, -0.0000,  8.6492, 1.0000)>
MESH
Houses_SecondAge_3_Level2
<Matrix 4x4 ( 1.0000,  0.0000, 0.0000, 0.0000)
            ( 0.0000,  1.0000, 0.0000, 0.0000)
            ( 0.0000, -0.0000, 1.0000, 0.0000)
            (-3.2992,  0.0000, 5.3524, 1.0000)>
MESH
Houses_SecondAge_3_Level3
<Matrix 4x4 (-0.0008,  0.0000, -1.0000, 0.0000)
            ( 0.0000,  1.0000, -0.0000, 0.0000)
            ( 1.0000, -0.0000, -0.0008, 0.0000)
            ( 4.4476,  0.0000,  6.1044, 1.0000)>
MESH
Market_FirstAge_Level3
<Matrix 4x4 ( 1.0000,  0.0000, 0.0000, 0.0000)
            ( 0.0000,  1.0000, 0.0000, 0.0000)
            ( 0.0000, -0.0000, 1.0000, 0.0000)
            (-2.7076,  0.0000, 8.1143, 1.0000)>
MESH
Mountain_Group_1
<Matrix 4x4 ( 0.9453,  0.0000,  0.3261, 0.0000)
            (-0.0000,  1.0000,  0.0000, 0.0000)
            (-0.3261, -0.0000,  0.9453, 0.0000)
            (16.4016,  0.0000, 14.9858, 1.0000)>
MESH
Mountain_Group_2
<Matrix 4x4 ( 1.0000,  0.0000,  0.0000, 0.0000)
            ( 0.0000,  1.0000,  0.0000, 0.0000)
            ( 0.0000, -0.0000,  1.0000, 0.0000)
            (17.3523,  0.0000, -7.1685, 1.0000)>
MESH
Port_FirstAge_Level1
<Matrix 4x4 (1.0000,  0.0000,   0.0000, 0.0000)
            (0.0000,  1.0000,   0.0000, 0.0000)
            (0.0000, -0.0000,   1.0000, 0.0000)
            (8.3317,  0.0000, -11.7604, 1.0000)>
MESH
Storage_SecondAge_Level1
<Matrix 4x4 (1.0000,  0.0000, 0.0000, 0.0000)
            (0.0000,  1.0000, 0.0000, 0.0000)
            (0.0000, -0.0000, 1.0000, 0.0000)
            (2.7400,  0.0000, 2.1248, 1.0000)>
MESH
Temple_FirstAge_Level3
<Matrix 4x4 ( 1.0000,  0.0000, 0.0000, 0.0000)
            ( 0.0000,  1.0000, 0.0000, 0.0000)
            ( 0.0000, -0.0000, 1.0000, 0.0000)
            (-2.6983, -0.0000, 3.7514, 1.0000)>
MESH
TowerHouse_SecondAge
<Matrix 4x4 (0.9995,  0.0000, -0.0330, 0.0000)
            (0.0000,  1.0000,  0.0000, 0.0000)
            (0.0330, -0.0000,  0.9995, 0.0000)
            (2.9716,  0.0000,  4.0403, 1.0000)>
MESH
TownCenter_SecondAge_Level3
<Matrix 4x4 ( 1.0000,  0.0000, 0.0000, 0.0000)
            ( 0.0000,  1.0000, 0.0000, 0.0000)
            ( 0.0000, -0.0000, 1.0000, 0.0000)
            (-0.2386,  0.0000, 3.7497, 1.0000)>
MESH
WallTowers_SecondAge
<Matrix 4x4 (0.0131,  0.0000, -1.8374, 0.0000)
            (0.0000,  1.0000,  0.0000, 0.0000)
            (1.8374, -0.0000,  0.0131, 0.0000)
            (6.1961,  0.0000,  8.3136, 1.0000)>
MESH
WatchTower_SecondAge_Level3
<Matrix 4x4 (1.0000,  0.0000, 0.0000, 0.0000)
            (0.0000,  1.0000, 0.0000, 0.0000)
            (0.0000, -0.0000, 1.0000, 0.0000)
            (6.3079,  0.0000, 5.8753, 1.0000)>
MESH
Windmill_SecondAge
<Matrix 4x4 (1.0000,  0.0000, 0.0000, 0.0000)
            (0.0000,  1.0000, 0.0000, 0.0000)
            (0.0000, -0.0000, 1.0000, 0.0000)
            (4.3707,  0.0000, 0.9431, 1.0000)>
MESH
Wonder_SecondAge_Level3
<Matrix 4x4 (-2.0896,  0.0000, -0.0202, 0.0000)
            ( 0.0000,  2.0897, -0.0000, 0.0000)
            ( 0.0202, -0.0000, -2.0896, 0.0000)
            ( 0.2120,  0.0000, -0.9485, 1.0000)>
MESH
Plane
<Matrix 4x4 (19.5117,   0.0000,  0.0000, 0.0000)
            ( 0.0000,   0.0000, 19.5117, 0.0000)
            ( 0.0000, -19.5117,  0.0000, 0.0000)
            ( 0.0000,   0.0000,  0.0000, 1.0000)>
MESH
Mountain_Group_1.001
<Matrix 4x4 ( 0.9453,  0.0000,   0.3261, 0.0000)
            (-0.0000,  1.0000,   0.0000, 0.0000)
            (-0.3261, -0.0000,   0.9453, 0.0000)
            (16.7727,  0.0000, -12.4892, 1.0000)>
MESH
Mountain_Group_1.002
<Matrix 4x4 (  0.9453,  0.0000,  0.3261, 0.0000)
            ( -0.0000,  1.0000,  0.0000, 0.0000)
            ( -0.3261, -0.0000,  0.9453, 0.0000)
            (-13.0521,  0.0000, -9.2519, 1.0000)>
MESH
Mountain_Group_1.003
<Matrix 4x4 (-0.9863,  0.0000,   0.1649, 0.0000)
            (-0.0000,  1.0000,  -0.0000, 0.0000)
            (-0.1649, -0.0000,  -0.9863, 0.0000)
            ( 9.7159,  0.0000, -16.4378, 1.0000)>
MESH
Mountain_Group_1.004
<Matrix 4x4 ( -0.9863,  0.0000,  0.1649, 0.0000)
            ( -0.0000,  1.0000, -0.0000, 0.0000)
            ( -0.1649, -0.0000, -0.9863, 0.0000)
            (-15.2561,  0.0000, 17.3369, 1.0000)>
MESH
Mountain_Group_1.005
<Matrix 4x4 (-0.9863,  0.0000,  0.1649, 0.0000)
            (-0.0000,  1.0000, -0.0000, 0.0000)
            (-0.1649, -0.0000, -0.9863, 0.0000)
            (16.8047,  0.0000, -0.0559, 1.0000)>
MESH
Mountain_Group_1.006
<Matrix 4x4 (  0.7261,  0.0000,  -0.6876, 0.0000)
            (  0.0000,  1.0000,   0.0000, 0.0000)
            (  0.6876, -0.0000,   0.7261, 0.0000)
            (-11.4832,  0.0000, -16.9022, 1.0000)>
MESH
Mountain_Group_1.007
<Matrix 4x4 (0.7261,  0.0000, -0.6876, 0.0000)
            (0.0000,  1.0000,  0.0000, 0.0000)
            (0.6876, -0.0000,  0.7261, 0.0000)
            (5.4045,  0.0000, 16.1781, 1.0000)>
MESH
Mountain_Group_2.001
<Matrix 4x4 ( 1.0000,  0.0000,   0.0000, 0.0000)
            ( 0.0000,  1.0000,   0.0000, 0.0000)
            ( 0.0000, -0.0000,   1.0000, 0.0000)
            (-4.7711,  0.0000, -17.2447, 1.0000)>
MESH
Mountain_Group_2.002
<Matrix 4x4 (  1.0000,  0.0000,  0.0000, 0.0000)
            (  0.0000,  1.0000,  0.0000, 0.0000)
            (  0.0000, -0.0000,  1.0000, 0.0000)
            (-16.8058,  0.0000, 13.6652, 1.0000)>
MESH
Mountain_Group_2.003
<Matrix 4x4 (-0.9227,  0.0000, -0.3856, 0.0000)
            ( 0.0000,  1.0000, -0.0000, 0.0000)
            ( 0.3856, -0.0000, -0.9227, 0.0000)
            (16.8061,  0.0000,  9.0647, 1.0000)>
MESH
Mountain_Group_2.004
<Matrix 4x4 ( -0.9227,  0.0000,  -0.3856, 0.0000)
            (  0.0000,  1.0000,  -0.0000, 0.0000)
            (  0.3856, -0.0000,  -0.9227, 0.0000)
            (-15.0760,  0.0000, -13.4775, 1.0000)>
MESH
Mountain_Group_2.005
<Matrix 4x4 (-0.9227,  0.0000,  -0.3856, 0.0000)
            ( 0.0000,  1.0000,  -0.0000, 0.0000)
            ( 0.3856, -0.0000,  -0.9227, 0.0000)
            (15.6674,  0.0000, -16.7971, 1.0000)>
MESH
Mountain_Group_2.006
<Matrix 4x4 ( 0.2068,  0.0000, -0.9784, 0.0000)
            ( 0.0000,  1.0000,  0.0000, 0.0000)
            ( 0.9784, -0.0000,  0.2068, 0.0000)
            (-9.2172,  0.0000, 16.9553, 1.0000)>
MESH
Mountain_Group_2.007
<Matrix 4x4 (  0.2068,  0.0000, -0.9784, 0.0000)
            (  0.0000,  1.0000,  0.0000, 0.0000)
            (  0.9784, -0.0000,  0.2068, 0.0000)
            (-15.8984,  0.0000, -4.6659, 1.0000)>
MESH
Mountain_Group_2.008
<Matrix 4x4 (0.2068,  0.0000,  -0.9784, 0.0000)
            (0.0000,  1.0000,   0.0000, 0.0000)
            (0.9784, -0.0000,   0.2068, 0.0000)
            (5.0902,  0.0000, -17.0681, 1.0000)>
MESH
Mountain_Group_1.008
<Matrix 4x4 ( 0.0543,  0.0000,  -0.9985, 0.0000)
            ( 0.0000,  1.0000,   0.0000, 0.0000)
            ( 0.9985, -0.0000,   0.0543, 0.0000)
            (-0.5986,  0.0000, -16.9610, 1.0000)>
MESH
Mountain_Group_1.009
<Matrix 4x4 (  0.0543,  0.0000, -0.9985, 0.0000)
            (  0.0000,  1.0000,  0.0000, 0.0000)
            (  0.9985, -0.0000,  0.0543, 0.0000)
            (-15.7678,  0.0000,  0.0435, 1.0000)>
MESH
Mountain_Group_1.010
<Matrix 4x4 ( 0.0543,  0.0000, -0.9985, 0.0000)
            ( 0.0000,  1.0000,  0.0000, 0.0000)
            ( 0.9985, -0.0000,  0.0543, 0.0000)
            (13.9751, -0.0000,  5.4597, 1.0000)>
MESH
Mountain_Group_1.011
<Matrix 4x4 ( 0.0543,  0.0000, -0.9985, 0.0000)
            ( 0.0000,  1.0000,  0.0000, 0.0000)
            ( 0.9985, -0.0000,  0.0543, 0.0000)
            (-4.5971, -0.0000, 13.9669, 1.0000)>
MESH
Mountain_Group_2.009
<Matrix 4x4 (  1.0000,  0.0000, 0.0000, 0.0000)
            (  0.0000,  1.0000, 0.0000, 0.0000)
            (  0.0000, -0.0000, 1.0000, 0.0000)
            (-14.0702,  0.0000, 4.8523, 1.0000)>
MESH
Mountain_Group_1.012
<Matrix 4x4 (  0.0543,  0.0000, -0.9985, 0.0000)
            (  0.0000,  1.0000,  0.0000, 0.0000)
            (  0.9985, -0.0000,  0.0543, 0.0000)
            (-12.9243, -0.0000,  8.2962, 1.0000)>
MESH
Mountain_Group_1.013
<Matrix 4x4 (-0.9734,  0.0000, -0.2293, 0.0000)
            ( 0.0000,  1.0000, -0.0000, 0.0000)
            ( 0.2293, -0.0000, -0.9734, 0.0000)
            ( 0.3751, -0.0000, 15.3436, 1.0000)>
MESH
Mountain_Group_1.014
<Matrix 4x4 (-0.9734,  0.0000, -0.2293, 0.0000)
            ( 0.0000,  1.0000, -0.0000, 0.0000)
            ( 0.2293, -0.0000, -0.9734, 0.0000)
            (10.9551, -0.0000, 13.1627, 1.0000)>
MESH
Mountain_Group_1.015
<Matrix 4x4 (-0.9734,  0.0000, -0.2293, 0.0000)
            ( 0.0000,  1.0000, -0.0000, 0.0000)
            ( 0.2293, -0.0000, -0.9734, 0.0000)
            (14.1762, -0.0000, -4.0188, 1.0000)>
MESH
WallTowers_SecondAge.001
<Matrix 4x4 (1.8375,  0.0000, 0.0000, 0.0000)
            (0.0000,  1.0000, 0.0000, 0.0000)
            (0.0000, -0.0000, 1.8375, 0.0000)
            (3.9900, -0.0000, 9.8112, 1.0000)>
MESH
WallTowers_SecondAge.002
<Matrix 4x4 ( 1.8375,  0.0000,  0.0000, 0.0000)
            ( 0.0000,  1.0000,  0.0000, 0.0000)
            ( 0.0000, -0.0000,  1.8375, 0.0000)
            (-2.0883,  0.3575, 10.1125, 1.0000)>
MESH
Houses_SecondAge_3_Level1.001
<Matrix 4x4 (-0.0076,  0.0000, -1.0000, 0.0000)
            ( 0.0000,  1.0000, -0.0000, 0.0000)
            ( 1.0000, -0.0000, -0.0076, 0.0000)
            ( 3.7975, -0.0000,  8.6914, 1.0000)>
MESH
Houses_SecondAge_3_Level1.002
<Matrix 4x4 (-0.0076,  0.0000, -1.0000, 0.0000)
            ( 0.0000,  1.0000, -0.0000, 0.0000)
            ( 1.0000, -0.0000, -0.0076, 0.0000)
            ( 2.7857, -0.0000,  8.7057, 1.0000)>
MESH
Houses_SecondAge_3_Level3.001
<Matrix 4x4 (-0.0008,  0.0000, -1.0000, 0.0000)
            ( 0.0000,  1.0000, -0.0000, 0.0000)
            ( 1.0000, -0.0000, -0.0008, 0.0000)
            ( 2.6846,  0.0000,  6.3630, 1.0000)>
MESH
WallTowers_SecondAge.004
<Matrix 4x4 (0.0131,  0.0000, -1.8374, 0.0000)
            (0.0000,  1.0000,  0.0000, 0.0000)
            (1.8374, -0.0000,  0.0131, 0.0000)
            (6.3162,  0.0000,  3.5131, 1.0000)>
MESH
WallTowers_SecondAge.005
<Matrix 4x4 (0.0131,  0.0000, -1.8374, 0.0000)
            (0.0000,  1.0000,  0.0000, 0.0000)
            (1.8374, -0.0000,  0.0131, 0.0000)
            (6.3334,  0.0000, -1.1604, 1.0000)>
MESH
WatchTower_SecondAge_Level3.001
<Matrix 4x4 (1.0000,  0.0000, 0.0000, 0.0000)
            (0.0000,  1.0000, 0.0000, 0.0000)
            (0.0000, -0.0000, 1.0000, 0.0000)
            (6.3428,  0.0000, 1.2052, 1.0000)>
MESH
Farm_SecondAge_Level3.001
<Matrix 4x4 (1.0000,  0.0000, 0.0000, 0.0000)
            (0.0000,  1.0000, 0.0000, 0.0000)
            (0.0000, -0.0000, 1.0000, 0.0000)
            (4.8123,  0.0000, 3.1614, 1.0000)>
MESH
WallTowers_SecondAge.006
<Matrix 4x4 (0.0131,  0.0000, -1.8374, 0.0000)
            (0.0000,  1.0000,  0.0000, 0.0000)
            (1.8374, -0.0000,  0.0131, 0.0000)
            (6.1961,  0.0000,  8.3136, 1.0000)>
MESH
WatchTower_SecondAge_Level3.002
<Matrix 4x4 (1.0000,  0.0000, 0.0000, 0.0000)
            (0.0000,  1.0000, 0.0000, 0.0000)
            (0.0000, -0.0000, 1.0000, 0.0000)
            (6.3079,  0.0000, 5.8753, 1.0000)>
MESH
Plane.001
<Matrix 4x4 (19.5117,   0.0000,  0.0000, 0.0000)
            ( 0.0000,   0.0000, 19.5117, 0.0000)
            ( 0.0000, -19.5117,  0.0000, 0.0000)
            ( 0.0000,   0.0000,  0.0000, 1.0000)>
MESH
WallTowers_SecondAge.007
<Matrix 4x4 (0.0131,  0.0000, -1.8374, 0.0000)
            (0.0000,  1.0000,  0.0000, 0.0000)
            (1.8374, -0.0000,  0.0131, 0.0000)
            (6.3162,  0.0000,  3.5131, 1.0000)>
MESH
WallTowers_SecondAge.008
<Matrix 4x4 (0.0131,  0.0000, -1.8374, 0.0000)
            (0.0000,  1.0000,  0.0000, 0.0000)
            (1.8374, -0.0000,  0.0131, 0.0000)
            (6.3334,  0.0000, -1.1604, 1.0000)>
MESH
WatchTower_SecondAge_Level3.003
<Matrix 4x4 (1.0000,  0.0000, 0.0000, 0.0000)
            (0.0000,  1.0000, 0.0000, 0.0000)
            (0.0000, -0.0000, 1.0000, 0.0000)
            (6.3428,  0.0000, 1.2052, 1.0000)>
MESH
WallTowers_SecondAge.009
<Matrix 4x4 ( 0.0131,  0.0000, -1.8374, 0.0000)
            ( 0.0000,  1.0000,  0.0000, 0.0000)
            ( 1.8374, -0.0000,  0.0131, 0.0000)
            (-4.4676,  0.0000,  3.5262, 1.0000)>
MESH
WallTowers_SecondAge.010
<Matrix 4x4 ( 0.0131,  0.0000, -1.8374, 0.0000)
            ( 0.0000,  1.0000,  0.0000, 0.0000)
            ( 1.8374, -0.0000,  0.0131, 0.0000)
            (-4.4504,  0.0000, -1.1474, 1.0000)>
MESH
WatchTower_SecondAge_Level3.004
<Matrix 4x4 ( 1.0000,  0.0000, 0.0000, 0.0000)
            ( 0.0000,  1.0000, 0.0000, 0.0000)
            ( 0.0000, -0.0000, 1.0000, 0.0000)
            (-4.4410,  0.0000, 1.2182, 1.0000)>
MESH
WallTowers_SecondAge.011
<Matrix 4x4 ( 0.0131,  0.0000, -1.8374, 0.0000)
            ( 0.0000,  1.0000,  0.0000, 0.0000)
            ( 1.8374, -0.0000,  0.0131, 0.0000)
            (-4.4078,  0.0000,  8.3579, 1.0000)>
MESH
WatchTower_SecondAge_Level3.005
<Matrix 4x4 ( 1.0000,  0.0000, 0.0000, 0.0000)
            ( 0.0000,  1.0000, 0.0000, 0.0000)
            ( 0.0000, -0.0000, 1.0000, 0.0000)
            (-4.4759,  0.0000, 5.8883, 1.0000)>
MESH
Barracks_SecondAge_Level3.001
<Matrix 4x4 (1.2813,  0.0000, 0.0000, 0.0000)
            (0.0000,  1.2813, 0.0000, 0.0000)
            (0.0000, -0.0000, 1.2813, 0.0000)
            (0.9496,  0.0000, 9.8921, 1.0000)>
MESH
Wonder_SecondAge_Level3.001
<Matrix 4x4 (-2.0896,  0.0000, -0.0202, 0.0000)
            ( 0.0000,  2.0897, -0.0000, 0.0000)
            ( 0.0202, -0.0000, -2.0896, 0.0000)
            ( 0.2120,  0.0000, -0.9485, 1.0000)>
MESH
WallTowers_SecondAge.003
<Matrix 4x4 (1.8375,  0.0000, 0.0000, 0.0000)
            (0.0000,  1.0000, 0.0000, 0.0000)
            (0.0000, -0.0000, 1.8375, 0.0000)
            (3.9900, -0.0000, 9.8112, 1.0000)>
MESH
WallTowers_SecondAge.012
<Matrix 4x4 ( 1.8375,  0.0000,  0.0000, 0.0000)
            ( 0.0000,  1.0000,  0.0000, 0.0000)
            ( 0.0000, -0.0000,  1.8375, 0.0000)
            (-2.0883,  0.3575, 10.1125, 1.0000)>
MESH
WallTowers_SecondAge.013
<Matrix 4x4 (1.8375,  0.0000,  0.0000, 0.0000)
            (0.0000,  1.0000,  0.0000, 0.0000)
            (0.0000, -0.0000,  1.8375, 0.0000)
            (3.8408, -0.0000, -4.3788, 1.0000)>
MESH
WallTowers_SecondAge.014
<Matrix 4x4 ( 1.8375,  0.0000,  0.0000, 0.0000)
            ( 0.0000,  1.0000,  0.0000, 0.0000)
            ( 0.0000, -0.0000,  1.8375, 0.0000)
            (-2.2375,  0.3575, -4.0775, 1.0000)>
MESH
Barracks_SecondAge_Level3.002
<Matrix 4x4 (1.2813,  0.0000,  0.0000, 0.0000)
            (0.0000,  1.2813,  0.0000, 0.0000)
            (0.0000, -0.0000,  1.2813, 0.0000)
            (0.8004,  0.0000, -4.2978, 1.0000)>
MESH
WatchTower_SecondAge_Level3.006
<Matrix 4x4 (1.0000,  0.0000,  0.0000, 0.0000)
            (0.0000,  1.0000,  0.0000, 0.0000)
            (0.0000, -0.0000,  1.0000, 0.0000)
            (3.1059,  0.0000, -0.6147, 1.0000)>
MESH
WatchTower_SecondAge_Level3.007
<Matrix 4x4 (1.0000,  0.0000,  0.0000, 0.0000)
            (0.0000,  1.0000,  0.0000, 0.0000)
            (0.0000, -0.0000,  1.0000, 0.0000)
            (6.2529,  0.0000, -3.6834, 1.0000)>
MESH
WatchTower_SecondAge_Level3.008
<Matrix 4x4 ( 1.0000,  0.0000,  0.0000, 0.0000)
            ( 0.0000,  1.0000,  0.0000, 0.0000)
            ( 0.0000, -0.0000,  1.0000, 0.0000)
            (-4.6562,  0.0000, -3.9509, 1.0000)>
MESH
Market_FirstAge_Level3.001
<Matrix 4x4 ( 1.0000,  0.0000, 0.0000, 0.0000)
            ( 0.0000,  1.0000, 0.0000, 0.0000)
            ( 0.0000, -0.0000, 1.0000, 0.0000)
            (-0.9563,  0.0000, 6.4482, 1.0000)>
